11
4
70
64
139
8
419
66
530
6
575
49
496
54
516
74
517
54
535
74
0
79
159
233
0
79
122
110
124
80
158
109
3
113
56
165
65
122
158
137
65
139
159
155
30
168
79
187
106
168
157
188
5
192
41
227
43
192
77
227
0
239
159
393
1
238
123
270
124
239
158
270
5
271
56
325
63
281
153
295
64
300
153
316
31
329
78
347
107
330
157
346
5
352
40
388
42
352
78
388
0
397
159
553
0
397
122
427
124
398
160
427
4
431
54
483
62
441
155
457
63
459
155
474
30
487
79
506
106
487
156
506
4
511
41
547
42
512
78
547
1210
4
1280
64
875
12
1161
61
706
6
751
50
747
56
762
73
766
56
784
73
1121
78
1280
232
1120
78
1245
109
1247
79
1280
109
1127
112
1179
165
1184
120
1280
137
1185
139
1280
156
1150
169
1201
188
1227
169
1280
188
1126
192
1163
229
1165
192
1200
229
1121
237
1280
391
1121
237
1245
268
1246
238
1280
268
1125
272
1179
324
1186
281
1280
298
1187
299
1280
314
1148
329
1198
347
1222
328
1280
348
1126
351
1163
388
1165
351
1199
387
1118
395
1280
551
1119
395
1242
427
1245
395
1280
426
1124
430
1177
482
1185
439
1280
456
1185
457
1278
472
1145
487
1196
506
1219
487
1273
504
1124
510
1160
545
1163
510
1198
546
