559
580
720
626
125
235
287
388
299
234
462
388
124
236
250
263
251
235
287
263
131
268
182
318
192
275
283
291
192
294
282
308
150
323
195
342
230
323
275
342
133
345
175
385
179
345
221
385
299
234
421
263
423
233
459
264
303
268
354
319
364
275
453
290
364
293
453
309
327
323
375
343
401
324
447
343
307
345
344
383
352
345
390
382
124
397
288
553
125
397
246
429
250
398
287
429
128
433
182
484
189
441
280
455
190
458
279
473
152
489
197
507
233
488
277
508
132
513
175
549
183
514
224
550
604
235
765
388
605
234
725
264
729
235
766
263
608
267
659
318
670
276
760
291
670
293
760
310
630
323
676
341
712
324
754
343
614
345
659
382
696
346
741
384
602
399
765
554
602
398
726
428
730
399
765
429
609
432
659
484
666
441
758
456
667
458
758
474
629
487
674
508
710
488
754
508
612
512
653
549
662
513
703
549
